0 1 0 2 0 8
1 1 0 2 0 8
2 1 0 2 0 8
3 1 0 2 0 8
4 1 0 2 0 10
5 1 0 2 0 10
6 1 0 2 0 10
7 1 0 2 0 10
8 1 0 2 0 10
9 1 0 2 0 12
10 1 0 2 0 12
11 1 0 2 0 12
12 1 0 2 0 12
13 1 0 2 0 12
14 1 0 2 0 9
15 1 0 2 0 9
16 1 0 2 0 9
17 1 0 2 0 9
18 1 0 2 0 13
19 1 0 2 0 13
20 1 0 2 0 13
21 1 0 2 0 13
22 1 0 2 0 13
23 1 1 3 0 1 5
24 1 2 3 0 2 5
25 2 3 7 2 3 7
26 2 3 7 2 3 7
27 2 3 7 2 3 7
28 2 3 7 2 3 7
29 1 3 3 0 4 5
30 1 3 3 0 4 5
31 1 3 3 0 4 5
32 1 3 2 3 8
33 1 3 2 3 8
34 1 3 2 3 8
35 1 3 2 3 8
36 1 3 2 3 11
37 1 3 2 3 11
38 1 3 2 3 11
39 1 3 2 3 11
40 1 3 2 3 11
41 1 3 2 3 9
42 1 3 2 3 9
43 1 3 2 3 9
44 1 3 2 3 9
45 1 3 2 3 13
46 1 3 2 3 13
47 1 3 2 3 13
48 1 3 2 3 13
49 1 3 2 3 13
50 1 4 1 6
51 1 4 1 6
52 1 4 1 8
53 1 4 1 8
54 1 4 1 11
55 1 4 1 11
56 1 4 1 11
57 1 4 1 11
58 1 4 1 11
59 1 4 1 12
60 1 4 1 12
61 1 4 1 12
62 1 4 1 12
63 1 4 1 12
64 1 4 1 9
65 1 4 1 9
66 1 4 1 13
67 1 4 1 13
68 1 4 1 13
69 1 4 1 13
70 1 4 1 13
71 1 5 1 6
72 1 5 1 6
73 1 5 1 8
74 1 5 1 8
75 1 5 1 11
76 1 5 1 11
77 1 5 1 11
78 1 5 1 11
79 1 5 1 11
80 1 5 1 12
81 1 5 1 12
82 1 5 1 12
83 1 5 1 12
84 1 5 1 12
85 1 5 1 9
86 1 5 1 9
87 1 5 1 13
88 1 5 1 13
89 1 5 1 13
90 1 5 1 13
91 1 5 1 13
92 1 6 1 6
93 1 6 1 6
94 1 6 1 8
95 1 6 1 8
96 1 6 1 11
97 1 6 1 11
98 1 6 1 11
99 1 6 1 11
100 1 6 1 11
101 1 6 1 12
102 1 6 1 12
103 1 6 1 12
104 1 6 1 12
105 1 6 1 12
106 1 6 1 9
107 1 6 1 9
108 1 6 1 13
109 1 6 1 13
110 1 6 1 13
111 1 6 1 13
112 1 6 1 13
