0 0.75 8.442 8 9 2.20776 0.08773 0.08773 0.24837 0.24837 1 1 
0 0.75 9.457 9 10 1.2199 0.03309 0.03309 0.11195 0.11195 1 1 
0 0.75 10.478 10 11 0.68306 0.01859 0.01859 0.05662 0.05662 1 1 
0 0.75 11.473 11 12 0.43762 0.01288 0.01288 0.03503 0.03503 1 1 
0 0.75 12.46 12 13 0.28156 0.00939 0.00939 0.02309 0.02309 1 1 
0 0.75 13.472 13 14 0.17848 0.00676 0.00676 0.01436 0.01436 1 1 
0 0.75 14.895 14 16 0.10143 0.00331 0.00331 0.00834 0.00834 1 1 
0 0.75 16.903 16 18 0.04896 0.00215 0.00215 0.00402 0.00402 1 1 
0 0.75 19.643 18 22 0.0188 0.00102 0.00102 0.00159 0.00159 1 1 
0 0.75 24.814 22 30 0.00491 0.00032 0.00032 0.00047 0.00047 1 1 
0 0.75 33.861 30 40 0.00079 0.00013 0.00013 9e-05 9e-05 1 1 
