0.	0.75	10.6  10.     11.      89	7	7	  10	  7		1.32	 0.68
0.	0.75	11.5  11.     12.      61.6	2.1	2.1	  7.1	  4.8		1.30	 0.68
0.	0.75	13.0  12.     14.      34.1	0.7	0.7	  3.8	  2.4		1.29	 0.69
0.	0.75	15.0  14.     16.      15.4	0.3	0.3	  1.6	  1.0		1.27	 0.70
0.	0.75	17.0  16.     18.      7.84	0.19	0.19	  0.79	  0.52		1.25	 0.72
0.	0.75	19.8  18.     22.      3.21	0.07	0.07	  0.32	  0.20		1.22	 0.74
0.	0.75	25.2  22.     30.      0.822	0.024	0.024	  0.086	  0.055		1.18	 0.77
0.	0.75	33.8  30.     40.      0.171	0.009	0.009	  0.019	  0.014		1.14	 0.81
0.	0.75	46.6  40.     60.      0.0241	0.0026	0.0026	  0.0038  0.0027	1.10	 0.85
0.	0.75	70.8  60.     100.     0.00106	0.00034	0.00034	  0.00028 0.00023	1.06	 0.89
