1.2 2.25 0.5 0 1 8881.54 846.69 846.69 663.87 663.87 2739.34 2496.21
1.2 2.25 1.5 1 2 15115 1422.31 1422.31 4764.74 4764.74 6345.2 1983.3
1.2 2.25 2.5 2 3 17766.9 1953.84 1953.84 1867.56 1867.56 8423.19 4719.34
1.2 2.25 3.5 3 4 18882.1 1690.49 1690.49 2960.55 2960.55 26685.3 5400.14
1.2 2.25 4.5 4 5 26040.3 1393.95 1393.95 2631.89 2631.89 51424.6 7457.88
1.2 2.25 5.5 5 6 22076.5 1405.24 1405.24 2111.55 2111.55 46642.7 5561.4
1.2 2.25 6.5 6 7 17509.5 1123.72 1123.72 1345.68 1345.68 38427.7 4359.83
1.2 2.25 7.5 7 8 16461.5 915.81 915.81 920.65 920.65 34983.6 4346.51
1.2 2.25 8.5 8 9 13129.7 758.7 758.7 691.99 691.99 27084.5 3422.32
1.2 2.25 9.5 9 10 11208.9 655.52 655.52 470.63 470.63 21204.4 2890.93
1.2 2.25 11 10 12 8224.32 338.75 338.75 276.97 276.97 12454.7 2099.78
1.2 2.25 13 12 14 4877.85 225.9 225.9 154.17 154.17 6221.76 1148.34
1.2 2.25 15 14 16 2836.45 142.77 142.77 110.62 110.62 2615.85 639.65
1.2 2.25 17 16 18 2619.5 138.51 138.51 81.94 81.94 3062.93 582.08
1.2 2.25 19 18 20 1455.57 96.37 96.37 50.14 50.14 1330.45 310.47
1.2 2.25 21 20 22 920.66 58.51 58.51 28.23 28.23 566.53 161.31
1.2 2.25 23 22 24 719.97 52.92 52.92 16.69 16.69 498.95 125.43
1.2 2.25 25 24 26 426.54 46.85 46.85 14.92 14.92 227.51 63.2
1.2 2.25 27 26 28 254.7 34.09 34.09 10.23 10.23 100.89 35.28
1.2 2.25 29 28 30 275.27 33.11 33.11 34.32 34.32 114.54 33.72
1.2 2.25 31 30 32 124.41 26.59 26.59 11.89 11.89 22.5 9.22
1.2 2.25 34 32 36 72.23 12.52 12.52 4.03 4.03 24.53 6.62
1.2 2.25 38 36 40 45.15 9.58 9.58 3.57 3.57 16.88 5.15
1.2 2.25 45 40 50 23.86 4.88 4.88 1.36 1.36 1.57 1.6
