0 1.2 0.5 0 1 6022.32 357.98 357.98 377.25 377.25 1393.32 1483.56
0 1.2 1.5 1 2 14021.1 537.42 537.42 756.51 756.51 4481.07 3679.83
0 1.2 2.5 2 3 20711.8 639.56 639.56 912.14 912.14 14260.1 5569.97
0 1.2 3.5 3 4 20317.6 820.97 820.97 1238.27 1238.27 28653.3 4927.63
0 1.2 4.5 4 5 19951.6 750.21 750.21 992.47 992.47 33937.8 4808.44
0 1.2 5.5 5 6 18330.3 762.74 762.74 916.33 916.33 31219.1 4737.45
0 1.2 6.5 6 7 17320.6 698.45 698.45 2042.03 2042.03 25366.8 4822.76
0 1.2 7.5 7 8 14677.2 583.39 583.39 1588.83 1588.83 18869 3758.29
0 1.2 8.5 8 9 12151.4 587.97 587.97 1133.53 1133.53 11162 3195.38
0 1.2 9.5 9 10 9357.4 401.56 401.56 649.9 649.9 6754.22 2461.32
0 1.2 11 10 12 6510.87 233.58 233.58 423.86 423.86 3467 1655.48
0 1.2 13 12 14 4765.1 135.86 135.86 374.87 374.87 1911.63 1160.47
0 1.2 15 14 16 3157.02 73.7 73.7 78.24 78.24 1031.5 710.25
0 1.2 17 16 18 1992.37 53.92 53.92 49.95 49.95 547.12 419.1
0 1.2 19 18 20 1334.81 40.56 40.56 23.23 23.23 319.57 262.02
0 1.2 21 20 22 946 31.02 31.02 17.47 17.47 200.97 175
0 1.2 23 22 24 610.91 24.73 24.73 12.08 12.08 116.62 104.06
0 1.2 25 24 26 437.57 20.24 20.24 9.28 9.28 75.98 69.94
0 1.2 27 26 28 331.78 17.8 17.8 7.97 7.97 53.69 51.53
0 1.2 29 28 30 208.81 13.49 13.49 5.55 5.55 30.27 30.96
0 1.2 31 30 32 161.25 12.29 12.29 4.58 4.58 22.01 21.26
0 1.2 34 32 36 85.68 6.38 6.38 2.04 2.04 10.9 10.74
0 1.2 38 36 40 53.61 4.99 4.99 1.48 1.48 6.06 6.59
0 1.2 45 40 50 19.27 2.05 2.05 0.63 0.63 1.93 1.91
0 1.2 60 50 70 5.49 0.71 0.71 0.73 0.73 0.42 0.42
