1.5 2 8.442 8 9 2.16056 0.10657 0.10657 0.27056 0.27056 1 1 
1.5 2 9.457 9 10 1.10749 0.03533 0.03533 0.10359 0.10359 1 1 
1.5 2 10.478 10 11 0.62878 0.02241 0.02241 0.05375 0.05375 1 1 
1.5 2 11.473 11 12 0.35783 0.01094 0.01094 0.02917 0.02917 1 1 
1.5 2 12.46 12 13 0.22513 0.00813 0.00813 0.01821 0.01821 1 1 
1.5 2 13.472 13 14 0.14691 0.00597 0.00597 0.01192 0.01192 1 1 
1.5 2 14.895 14 16 0.08144 0.00282 0.00282 0.00653 0.00653 1 1 
1.5 2 16.903 16 18 0.03947 0.00172 0.00172 0.0032 0.0032 1 1 
1.5 2 19.643 18 22 0.01498 0.00072 0.00072 0.00127 0.00127 1 1 
1.5 2 24.814 22 30 0.00311 0.00021 0.00021 0.00031 0.00031 1 1 
1.5 2 33.861 30 40 0.00055 7e-05 7e-05 6e-05 6e-05 1 1 
