0  1.2  0.25  0    0.5  35392.84   936.86   936.86   2541.91   2541.91   8266.82    9667.8
0  1.2  0.75  0.5  1    98878.16   2155.91  2155.91  6370.61   6370.61   31874.86   28379.56
0  1.2  1.25  1    1.5  148372.15  2587.05  2587.05  13288.38  13288.38  75603.39   42159.45
0  1.2  1.75  1.5  2    182173.1   2985.8   2985.8   10817.87  10817.87  236434.81  52048.29
0  1.2  2.25  2    2.5  206775.92  3191.88  3191.88  12167.98  12167.98  453376.36  57136.9
0  1.2  2.75  2.5  3    231574.2   2809.87  2809.87  12571.33  12571.33  624705.15  65137.34
0  1.2  3.25  3    3.5  242509.16  3533.43  3533.43  14413.31  14413.31  712607.06  65668.33
0  1.2  3.75  3.5  4    240950.58  3492.8   3492.8   13939.29  13939.29  718381.58  66426.48
0  1.2  4.25  4    4.5  229797.15  3058.9   3058.9   13283.69  13283.69  666216.4   64508.94
0  1.2  4.75  4.5  5    208978.78  2937.09  2937.09  12685.54  12685.54  575645.74  59601.1
0  1.2  5.25  5    5.5  184938.25  2939.08  2939.08  10690.55  10690.55  468530.08  53010.36
0  1.2  5.75  5.5  6    179761.51  2576.18  2576.18  10602.53  10602.53  419208.22  51564.35
0  1.2  6.25  6    6.5  157285.63  2420.64  2420.64  9502.68   9502.68   327507.31  45156.52
0  1.2  6.75  6.5  7    136729.51  1824.43  1824.43  6961.64   6961.64   252968.55  37835.97
0  1.2  7.25  7    7.5  122675.42  1731.36  1731.36  7321.94   7321.94   197597.56  34847.21
0  1.2  7.75  7.5  8    108822.11  1984.32  1984.32  6924.0    6924.0    147646.64  31191.79
0  1.2  8.25  8    8.5  94001.57   1559.85  1559.85  5401.66   5401.66   104071.17  26155.53
0  1.2  8.75  8.5  9    82014.84   1322.67  1322.67  4261.48   4261.48   75708.95   22771.14
0  1.2  9.25  9    9.5  71983.66   1157.24  1157.24  3734.32   3734.32   56529.79   19715.11
0  1.2  9.75  9.5  10   62278.51   746.27   746.27   3708.91   3708.91   43121.94   16666.64
0  1.2  10.5  10   11   49124.29   663.51   663.51   2528.63   2528.63   29055.81   13009.17
0  1.2  11.5  11   12   35382.87   426.62   426.62   1766.62   1766.62   17997.58   9219.5
0  1.2  12.5  12   13   27727.3    319.35   319.35   1417.77   1417.77   11775.31   6901.56
0  1.2  13.5  13   14   20263.43   332.39   332.39   1074.79   1074.79   7546.0     4878.56
0  1.2  14.5  14   15   16302.79   182.0    182.0    741.02    741.02    5500.12    3777.04
0  1.2  15.5  15   16   12331.68   142.19   142.19   580.95    580.95    3775.73    2746.95
0  1.2  16.5  16   17   9516.72    126.55   126.55   430.1     430.1     2684.84    2041.39
0  1.2  17.5  17   18   7338.76    107.58   107.58   314.7     314.7     1929.65    1516.43
0  1.2  18.5  18   19   5701.8     88.57    88.57    246.09    246.09    1375.55    1143.85
0  1.2  19.5  19   20   4476.17    76.01    76.01    183.31    183.31    1018.92    863.51
0  1.2  20.5  20   21   3595.25    63.94    63.94    146.62    146.62    773.07     665.85
0  1.2  21.5  21   22   2801.82    56.97    56.97    117.78    117.78    571.91     503.08
0  1.2  22.5  22   23   2288.65    51.14    51.14    95.51     95.51     442.46     398.62
0  1.2  23.5  23   24   1867.8     46.03    46.03    75.67     75.67     344.04     314.84
0  1.2  24.5  24   25   1472.76    40.61    40.61    62.77     62.77     258.69     239.82
0  1.2  25.5  25   26   1240.35    37.7     37.7     51.78     51.78     208.57     194.66
0  1.2  26.5  26   27   988.08     32.44    32.44    41.32     41.32     160.2      150.01
0  1.2  27.5  27   28   780.36     30.2     30.2     31.61     31.61     121.08     114.69
0  1.2  28.5  28   29   662.63     26.21    26.21    29.21     29.21     96.18      95.89
0  1.2  29.5  29   30   599.29     24.61    24.61    24.37     24.37     86.72      82.7
0  1.2  30.5  30   31   488.3      22.76    22.76    22.06     22.06     68.85      62.01
0  1.2  31.5  31   32   374.2      19.91    19.91    14.98     14.98     50.57      48.56
0  1.2  33    32   34   309.67     12.43    12.43    12.61     12.61     39.75      38.76
0  1.2  35    34   36   236.99     11.26    11.26    9.63      9.63      28.86      28.1
0  1.2  37    36   38   164.84     9.21     9.21     6.79      6.79      18.92      18.72
0  1.2  39    38   40   126.49     7.96     7.96     5.26      5.26      13.84      13.79
0  1.2  42.5  40   45   74.05      4        4        3.19      3.19      7.49       7.32
0  1.2  47.5  45   50   41.24      2.96     2.96     2.2       2.2       3.78       3.8
0  1.2  55    50   60   18.07      1.38     1.38     0.84      0.84      1.47       1.34
0  1.2  65    60   70   7.28       0.89     0.89     0.38      0.38      0.51       0.44
