0.75 1.5 8.442 8 9 1.80437 0.09773 0.09773 0.20582 0.20582 1 1 
0.75 1.5 9.457 9 10 1.04846 0.03372 0.03372 0.09183 0.09183 1 1 
0.75 1.5 10.478 10 11 0.62847 0.01867 0.01867 0.05228 0.05228 1 1 
0.75 1.5 11.473 11 12 0.41726 0.01246 0.01246 0.03366 0.03366 1 1 
0.75 1.5 12.46 12 13 0.24606 0.00803 0.00803 0.01958 0.01958 1 1 
0.75 1.5 13.472 13 14 0.1673 0.00625 0.00625 0.01324 0.01324 1 1 
0.75 1.5 14.895 14 16 0.08948 0.00285 0.00285 0.00712 0.00712 1 1 
0.75 1.5 16.903 16 18 0.04391 0.00182 0.00182 0.00355 0.00355 1 1 
0.75 1.5 19.643 18 22 0.01767 0.00075 0.00075 0.0015 0.0015 1 1 
0.75 1.5 24.814 22 30 0.00452 0.00024 0.00024 0.00039 0.00039 1 1 
0.75 1.5 33.861 30 40 0.00061 8e-05 8e-05 7e-05 7e-05 1 1 
