1.2 2.25 0.5 0 1 20172 713.38 713.38 1959.99 1959.99 5179.74 5628.54
1.2 2.25 1.5 1 2 55920.8 1479.21 1479.21 7520.86 7520.86 19496.8 14537
1.2 2.25 2.5 2 3 40941.3 1989.83 1989.83 4774.27 4774.27 41458.1 12780.9
1.2 2.25 3.5 3 4 58286.1 2433.03 2433.03 8610.77 8610.77 122832 15646.4
1.2 2.25 4.5 4 5 60111.3 1808.08 1808.08 5348.66 5348.66 148331 16510.7
1.2 2.25 5.5 5 6 51690.3 1532.13 1532.13 3105.15 3105.15 135765 13704.6
1.2 2.25 6.5 6 7 45008.5 1281.64 1281.64 1846.77 1846.77 120792 11949.1
1.2 2.25 7.5 7 8 35739.8 1033.83 1033.83 1237.76 1237.76 86900.7 9553.61
1.2 2.25 8.5 8 9 28268 831.67 831.67 755.17 755.17 62474.2 7505.72
1.2 2.25 9.5 9 10 21815 713.14 713.14 509.6 509.6 42835 5713.63
1.2 2.25 11 10 12 15238.5 379.55 379.55 359.4 359.4 26662.4 3863.27
1.2 2.25 13 12 14 9156.52 245.98 245.98 189.82 189.82 12368.8 2203.92
1.2 2.25 15 14 16 5854.1 173.28 173.28 103.57 103.57 6889.88 1320.87
1.2 2.25 17 16 18 3272.03 139.9 139.9 102 102 2884.49 689.59
1.2 2.25 19 18 20 2019.04 98.54 98.54 44.81 44.81 1503.57 386.21
1.2 2.25 21 20 22 1366.64 62.35 62.35 27.83 27.83 960.73 241.39
1.2 2.25 23 22 24 788.9 51.14 51.14 16.31 16.31 365.4 115.28
1.2 2.25 25 24 26 685.27 48.35 48.35 14.92 14.92 380.41 100.43
1.2 2.25 27 26 28 497.98 38.21 38.21 12.85 12.85 259.75 69.43
1.2 2.25 29 28 30 263.42 32.8 32.8 8.87 8.87 73.31 21.68
1.2 2.25 31 30 32 209.42 31.67 31.67 6.84 6.84 104.29 26.16
1.2 2.25 34 32 36 145.07 14.22 14.22 4.18 4.18 38.05 12.23
1.2 2.25 38 36 40 62.53 10.03 10.03 2.76 2.76 13.25 3.88
1.2 2.25 45 40 50 31.98 4.73 4.73 1.44 1.44 12.21 2.7
