0 0.75 65.0916 60 70 126.132 1.13314 1.13314 1.13314 1.13314 1 1 
0 0.75 74.7703 70 80 54.2477 0.544314 0.544314 0.544314 0.544314 1 1 
0 0.75 84.6685 80 90 27.5535 0.32724 0.32724 0.32724 0.32724 1 1 
0 0.75 94.6463 90 100 13.8512 0.211344 0.211344 0.211344 0.211344 1 1 
0 0.75 108.302 100 120 6.03352 0.094359 0.094359 0.094359 0.094359 1 1 
0 0.75 128.553 120 140 2.20691 0.0598033 0.0598033 0.0598033 0.0598033 1 1 
0 0.75 148.669 140 160 0.917043 0.109136 0.109136 0.109136 0.109136 1 1 
0 0.75 168.84 160 180 0.456311 0.0267733 0.0267733 0.0267733 0.0267733 1 1 
0 0.75 188.901 180 200 0.216759 0.0218993 0.0218993 0.0218993 0.0218993 1 1 
0 0.75 216.505 200 240 0.0854895 0.024181 0.024181 0.024181 0.024181 1 1 
0 0.75 262.97 240 300 0.0276551 0.00680366 0.00680366 0.00680366 0.00680366 1 1 
0 0.75 326.197 300 360 0.00756962 0.00223813 0.00223813 0.00223813 0.00223813 1 1 
