0 0.6 2.25 2 2.5 953 54 54 113 113 1 1
0 0.6 2.75 2.5 3 946 34 34 95 95 1 1
0 0.6 3.25 3 3.5 856 24 24 87 87 1 1
0 0.6 3.75 3.5 4 630 18 18 61 61 1 1
0 0.6 4.25 4 4.5 483 13 13 49 49 1 1
0 0.6 4.75 4.5 5 383 10 10 39 39 1 1
0 0.6 5.25 5 5.5 248 7 7 23 23 1 1
0 0.6 5.75 5.5 6 204 6 6 19 19 1 1
0 0.6 6.25 6 6.5 143 4 4 13 13 1 1
0 0.6 6.75 6.5 7 111 3 3 10 10 1 1
0 0.6 7.25 7 7.5 77.1 2.6 2.6 7.1 7.1 1 1
0 0.6 7.75 7.5 8 59.8 2.1 2.1 5.5 5.5 1 1
0 0.6 8.25 8 8.5 42.1 1.7 1.7 3.9 3.9 1 1
0 0.6 8.75 8.5 9 30.5 1.3 1.3 2.7 2.7 1 1
0 0.6 9.25 9 9.5 21.8 1.1 1.1 1.9 1.9 1 1
0 0.6 9.75 9.5 10 17.2 1 1 1.5 1.5 1 1
0 0.6 10.5 10 11 11.4 0.54 0.54 1 1 1 1
0 0.6 11.5 11 12 7.72 0.43 0.43 0.69 0.69 1 1
0 0.6 12.5 12 13 4.56 0.33 0.33 0.4 0.4 1 1
0 0.6 13.5 13 14 2.85 0.26 0.26 0.24 0.24 1 1
0 0.6 14.5 14 15 1.93 0.2 0.2 0.16 0.16 1 1
0 0.6 16.375 15 17.75 0.85 0.09 0.09 0.07 0.07 1 1
0 0.6 18.875 17.75 20 0.35 0.06 0.06 0.03 0.03 1 1
0 0.6 22.5 20 25 0.15 0.03 0.03 0.01 0.01 1 1
0 0.6 27.5 25 30 0.053 0.017 0.017 0.04 0.04 1 1
