0 0.6 0.125 0 0.25 9.13 0.6 0.6 1.1 0.7 1 1
0 0.6 0.375 0.25 0.5 28.1 1.5 1.5 2.4 1.6 1 1
0 0.6 0.625 0.5 0.75 45.3 1.9 1.9 3 2.1 1 1
0 0.6 0.875 0.75 1 59.3 2 2 4 2.9 1 1
0 0.6 1.125 1 1.25 69.6 1.9 1.9 3.6 3.2 1 1
0 0.6 1.375 1.25 1.5 73.4 1.7 1.7 3.9 3.5 1 1
0 0.6 1.625 1.5 1.75 75.2 1.6 1.6 3.8 3.3 1 1
0 0.6 1.875 1.75 2 72.9 1.4 1.4 3.7 3.3 1 1
0 0.6 2.125 2 2.25 69.1 0.8 0.8 3.3 2.9 1 1
0 0.6 2.375 2.25 2.5 67.3 1 1 3.1 2.8 1 1
0 0.6 2.625 2.5 2.75 57.6 0.9 0.9 2.6 2.6 1 1
0 0.6 2.875 2.75 3 52 0.8 0.8 2.4 2.4 1 1
0 0.6 3.125 3 3.25 43.6 0.7 0.7 1.9 1.9 1 1
0 0.6 3.375 3.25 3.5 37.3 0.6 0.6 1.6 1.6 1 1
0 0.6 3.625 3.5 3.75 31.5 0.5 0.5 1.3 1.3 1 1
0 0.6 3.875 3.75 4 26.2 0.4 0.4 1.2 1.2 1 1
0 0.6 4.125 4 4.25 22.5 0.4 0.4 1 1 1 1
0 0.6 4.375 4.25 4.5 18.7 0.3 0.3 0.8 0.8 1 1
0 0.6 4.625 4.5 4.75 16.1 0.3 0.3 0.7 0.7 1 1
0 0.6 4.875 4.75 5 13.3 0.3 0.3 0.6 0.6 1 1
0 0.6 5.25 5 5.5 10.3 0.15 0.15 0.42 0.42 1 1
0 0.6 5.75 5.5 6 7.28 0.12 0.12 0.29 0.29 1 1
0 0.6 6.25 6 6.5 5.11 0.09 0.09 0.2 0.2 1 1
0 0.6 6.75 6.5 7 3.54 0.07 0.07 0.14 0.14 1 1
0 0.6 7.5 7 8 2.27 0.03 0.03 0.1 0.1 1 1
0 0.6 8.5 8 9 1.14 0.02 0.02 0.05 0.05 1 1
0 0.6 9.5 9 10 0.622 0.013 0.013 0.025 0.025 1 1
0 0.6 11 10 12 0.278 0.006 0.006 0.011 0.011 1 1
0 0.6 13 12 14 0.103 0.003 0.003 0.004 0.004 1 1
0 0.6 15.5 14 17 0.037 0.002 0.002 0.002 0.002 1 1
0 0.6 18.5 17 20 0.014 0.001 0.001 0.001 0.001 1 1
