0.	1.2	10.5	10.0	11.0	38.0	+0.296	  -0.296   +2.86    -2.86    1.31   0.68	
0.	1.2	11.5	11.0	12.0	24.1	+0.194	  -0.194   +1.39    -1.39    1.3    0.69	
0.	1.2	12.5	12.0	13.0	15.4	+0.137	  -0.137   +0.792   -0.792   1.28   0.69	
0.	1.2	13.5	13.0	14.0	10.2	+0.101	  -0.101   +0.491   -0.491   1.27   0.7		
0.	1.2	14.5	14.0	15.0	7.15	+0.0796	  -0.0796  +0.337   -0.337   1.26   0.71	
0.	1.2	15.5	15.0	16.0	4.79	+0.0622	  -0.0622  +0.231   -0.231   1.25   0.72	
0.	1.2	16.5	16.0	17.0	3.48	+0.0511	  -0.0511  +0.161   -0.161   1.24   0.72	
0.	1.2	17.5	17.0	18.0	2.52	+0.0419	  -0.0419  +0.12    -0.12    1.23   0.73	
0.	1.2	18.5	18.0	19.0	1.87	+0.0352	  -0.0352  +0.0856  -0.0856  1.22   0.74	
0.	1.2	19.5	19.0	20.0	1.34	+0.0294	  -0.0294  +0.0634  -0.0634  1.21   0.74	
0.	1.2	21.1	20.0	22.5	0.857	+0.0144	  -0.0144  +0.044   -0.044   1.2    0.75	
0.	1.2	23.6	22.5	25.0	0.461	+0.0102	  -0.0102  +0.0238  -0.0238  1.18   0.77	
0.	1.2	26.1	25.0	27.5	0.269	+0.00772  -0.00772 +0.0156  -0.0156  1.16   0.78	
0.	1.2	28.7	27.5	30.0	0.165	+0.00607  -0.00607 +0.00947 -0.00947 1.15   0.79	
0.	1.2	32.2	30.0	35.0	0.0842	+0.00299  -0.00299 +0.00506 -0.00506 1.13   0.81	
0.	1.2	37.2	35.0	40.0	0.0347	+0.002	  -0.002   +0.00269 -0.00269 1.12   0.83	
0.	1.2	45.5	40.0	55.0	0.0102	+6.66E-4  -6.66E-4 +8.37E-4 -8.37E-4 1.1    0.85	
0.	1.2	62.4	55.0	75.0	0.00235	+2.99E-4  -2.99E-4 +2.88E-4 -2.88E-4 1.07   0.88	
0.	1.2	84.1	75.0	100.0	5.62E-4	+1.37E-4  -1.37E-4 +7.08E-5 -7.08E-5 1.05   0.91	
