0. 2.4 7.    6.5  7.5  10.04    0.12     0.12     0.59     0.59     1. 1.
0. 2.4 8.    7.5  8.5  5.222    0.053    0.053    0.264    0.264    1. 1.
0. 2.4 9.    8.5  9.5  2.830    0.029    0.029    0.124    0.124    1. 1.
0. 2.4 10.25 9.5  11.  1.443    0.013    0.013    0.056    0.056    1. 1.
0. 2.4 12.   11.  13.  0.5950   0.0056   0.0056   0.0217   0.0217   1. 1.
0. 2.4 14.   13.  15.  0.2470   0.0030   0.0030   0.0093   0.0093   1. 1.
0. 2.4 16.25 15.  17.5 0.1040   0.0014   0.0014   0.0040   0.0040   1. 1.
0. 2.4 18.75 17.5 20.  0.04440  0.00083  0.00083  0.00189  0.00189  1. 1.
0. 2.4 22.5  20.  25.  0.01620  0.00032  0.00032  0.0007   0.0007   1. 1.
0. 2.4 27.5  25.  30.  0.00495  0.00015  0.00015  0.00033  0.00033  1. 1.
0. 2.4 32.5  30.  35.  0.00205  0.00011  0.00011  0.00021  0.00021  1. 1.
0. 2.4 42.5  35.  50.  0.000463 0.000025 0.000025 0.000038 0.000038 1. 1.
