0  1.2  11.0  10  12   38540.0  269.78   269.78   3121.74   3352.98   1  1
0  1.2  13.0  12  14   23088.0  184.704  184.704  1246.752  1362.192  1  1
0  1.2  15.0  14  16   14321.0  128.889  128.889  673.087   730.371   1  1
0  1.2  17.0  16  18   8969.0   98.659   98.659   421.543   448.45    1  1
0  1.2  19.0  18  20   5665.0   73.645   73.645   260.59    271.92    1  1
0  1.2  21.0  20  22   3683.0   55.245   55.245   162.052   169.418   1  1
0  1.2  23.0  22  24   2393.0   40.681   40.681   98.113    100.506   1  1
0  1.2  25.0  24  26   1715.0   32.585   32.585   72.03     73.745    1  1
0  1.2  27.0  26  28   1089.0   27.225   27.225   50.094    51.183    1  1
0  1.2  29.0  28  30   811.0    22.708   22.708   37.306    38.117    1  1
0  1.2  31.0  30  32   517.0    19.646   19.646   29.469    29.469    1  1
0  1.2  33.0  32  34   369.0    15.498   15.498   23.985    24.354    1  1
0  1.2  35.0  34  36   309.0    12.978   12.978   14.523    14.523    1  1
0  1.2  37.0  36  38   236.0    11.328   11.328   9.912     10.148    1  1
0  1.2  39.0  38  40   173.0    9.688    9.688    7.266     7.439     1  1
0  1.2  41.4  40  43   116.0    6.496    6.496    4.872     4.988     1  1
0  1.2  44.4  43  46   73.0     5.256    5.256    5.475     5.475     1  1
0  1.2  47.9  46  50   50.0     3.65     3.65     2.1       2.15      1  1
0  1.2  52.4  50  55   31.0     2.604    2.604    1.395     1.426     1  1
0  1.2  57.4  55  60   19.0     2.033    2.033    0.912     0.912     1  1
0  1.2  64.6  60  70   8.3      1.0292   1.0292   0.5063    0.5063    1  1
0  1.2  82.0  70  100  2.2      0.3212   0.3212   0.1672    0.165     1  1
