0.0 1.2  21.1  20  22 1.63E+00  1.6  -1.6  5.8  -5.8  1.31  0.85
0.0 1.2  23.7  22  25 9.19E-01  2.1  -2.1  5.4  -5.4  1.29  0.86
0.0 1.2  26.2  25  28 5.10E-01  2.8  -2.8  6.8  -6.8  1.26  0.87
0.0 1.2  28.7  28  30 3.45E-01  3.3  -3.3  6.8  -6.8  1.24  0.88
0.0 1.2  32.2  30  35 1.80E-01  3.3  -3.3 11.0 -11.0  1.22  0.89
0.0 1.2  37.2  35  40 8.46E-02  4.7  -4.7 12.0 -12.0  1.20  0.90
0.0 1.2  45.7  40  55 2.81E-02  4.8  -4.8 12.0 -12.0  1.16  0.92
0.0 1.2  62.5  55  75 4.97E-03 11.0 -11.0 16.0 -16.0  1.13  0.94
0.0 1.2  84.2  75 100 1.08E-03  6.6  -6.6 20.0 -20.0  1.08  0.97
0.0 1.2 111.0 100 130 2.85E-04 24.0 -24.0 20.0 -20.0  1.08  0.97
