0.0 1.2  20.5  20  21 4.58E+01  0.7  0.7  4.6  4.6  1.32  0.84
0.0 1.2  21.5  21  22 3.53E+01  0.6  0.6  4.8  4.8  1.31  0.85
0.0 1.2  22.5  22  23 2.74E+01  0.7  0.7  4.6  4.6  1.30  0.85
0.0 1.2  23.5  23  24 2.18E+01  0.7  0.7  4.5  4.5  1.29  0.86
0.0 1.2  24.5  24  25 1.76E+01  0.8  0.8  4.5  4.5  1.28  0.86
0.0 1.2  25.5  25  26 1.43E+01  0.9  0.9  4.5  4.5  1.27  0.87
0.0 1.2  26.5  26  27 1.17E+01  0.9  0.9  4.5  4.5  1.26  0.87
0.0 1.2  27.5  27  28 9.75E+00  1.0  1.0  4.5  4.5  1.25  0.88
0.0 1.2  28.5  28  29 7.99E+00  1.1  1.1  4.5  4.5  1.25  0.88
0.0 1.2  29.5  29  30 6.70E+00  1.2  1.2  4.5  4.5  1.24  0.88
0.0 1.2  31.0  30  32 5.20E+00  1.0  1.0  4.6  4.6  1.23  0.89
0.0 1.2  33.0  32  34 3.72E+00  1.1  1.1  4.7  4.7  1.22  0.89
0.0 1.2  35.0  34  36 2.75E+00  1.3  1.3  5.0  5.0  1.21  0.90
0.0 1.2  37.0  36  38 2.00E+00  1.5  1.5  5.5  5.5  1.20  0.90
0.0 1.2  39.8  38  42 1.39E+00  1.3  1.3  5.8  5.8  1.18  0.91
0.0 1.2  43.8  42  46 7.96E-01  1.7  1.7  6.2  6.2  1.17  0.92
0.0 1.2  47.8  46  50 5.08E-01  2.1  2.1  6.3  6.3  1.16  0.92
0.0 1.2  54.2  50  60 2.54E-01  1.9  1.9  7.2  7.2  1.14  0.93
0.0 1.2  66.0  60  75 8.28E-02  2.7  2.7  7.3  7.3  1.11  0.94
0.0 1.2  82.7  75  95 2.39E-02  4.4  4.4  6.3  6.3  1.09  0.96
0.0 1.2 104.7  95 120 7.42E-03  7.7  7.7  7.9  7.9  1.07  0.97
0.0 1.2 131.1 120 150 1.53E-03 17.0 17.0  7.9  7.9  1.07  0.97
