0.0 1.2  20.9  20  22 1.60E+00  1.8  1.8  6.7  6.7  1.28  0.88
0.0 1.2  22.9  22  24 1.13E+00  2.0  2.0  6.2  6.2  1.27  0.89
0.0 1.2  25.0  24  26 7.88E-01  2.4  2.4  6.1  6.1  1.26  0.89
0.0 1.2  26.9  26  28 5.79E-01  2.8  2.8  6.3  6.3  1.25  0.90
0.0 1.2  29.0  28  30 3.96E-01  3.3  3.3  6.8  6.8  1.24  0.90
0.0 1.2  31.0  30  32 3.01E-01  3.8  3.8  7.0  7.0  1.22  0.91
0.0 1.2  33.0  32  34 2.34E-01  4.3  4.3  6.8  6.8  1.22  0.91
0.0 1.2  35.0  34  36 1.82E-01  4.7  4.7  7.9  7.9  1.21  0.92
0.0 1.2  37.0  36  38 1.34E-01  5.4  5.4  8.0  8.0  1.21  0.92
0.0 1.2  39.0  38  40 1.19E-01  5.7  5.7  7.9  7.9  1.19  0.92
0.0 1.2  41.4  40  43 7.33E-02  6.1  6.1  6.1  6.1  1.19  0.93
0.0 1.2  44.4  43  46 4.59E-02  7.7  7.7  5.8  5.8  1.18  0.93
0.0 1.2  47.9  46  50 3.24E-02  7.7  7.7  6.0  6.0  1.16  0.94
0.0 1.2  52.3  50  55 2.24E-02  8.4  8.4  6.9  6.9  1.16  0.94
0.0 1.2  57.3  55  60 1.43E-02 11.0 11.0  8.3  8.3  1.15  0.95
0.0 1.2  64.3  60  70 7.36E-03 10.0 10.0 10.0 10.0  1.12  0.95
0.0 1.2  80.5  70 100 1.98E-03 12.0 12.0 13.0 13.0  1.09  0.97
0.0 1.2 111.5 100 130 2.30E-04 48.0 48.0 13.0 13.0  1.09  0.97
