0.0 1.2  20.9  20  22 2.38E+00  1.4  1.4  6.4  6.4  1.28  0.88
0.0 1.2  22.9  22  24 1.57E+00  1.7  1.7  6.8  6.8  1.27  0.89
0.0 1.2  25.0  24  26 1.16E+00  1.9  1.9  5.8  5.8  1.26  0.89
0.0 1.2  26.9  26  28 7.89E-01  2.3  2.3  5.6  5.6  1.25  0.90
0.0 1.2  29.0  28  30 5.45E-01  2.7  2.7  5.5  5.5  1.23  0.90
0.0 1.2  31.0  30  32 4.14E-01  3.1  3.1  6.3  6.3  1.23  0.91
0.0 1.2  33.0  32  34 3.18E-01  3.6  3.6  5.5  5.5  1.23  0.91
0.0 1.2  35.0  34  36 2.41E-01  4.1  4.1  6.0  6.0  1.22  0.91
0.0 1.2  37.0  36  38 1.57E-01  5.0  5.0  5.6  5.6  1.21  0.92
0.0 1.2  39.0  38  40 1.26E-01  5.7  5.7  5.6  5.6  1.20  0.92
0.0 1.2  41.4  40  43 9.89E-02  5.0  5.0  5.1  5.1  1.19  0.92
0.0 1.2  44.4  43  46 6.19E-02  6.4  6.4  4.7  4.7  1.18  0.93
0.0 1.2  47.9  46  50 3.93E-02  6.9  6.9  5.0  5.0  1.17  0.93
0.0 1.2  52.3  50  55 2.68E-02  7.3  7.3  4.9  4.9  1.16  0.94
0.0 1.2  57.3  55  60 1.88E-02  8.6  8.6  5.1  5.1  1.16  0.94
0.0 1.2  64.3  60  70 9.96E-03  8.8  8.8  5.5  5.5  1.12  0.95
0.0 1.2  80.5  70 100 2.08E-03 12.0 12.0  5.9  5.9  1.08  0.97
0.0 1.2 111.5 100 130 5.79E-04 35.0 35.0  6.0  6.0  1.08  0.97
