0  1.2  11.0  10  12   20882.0  229.702  229.702  1942.026  2192.61  1  1
0  1.2  13.0  12  14   13947.0  139.47   139.47   864.714   962.343  1  1
0  1.2  15.0  14  16   8909.0   115.817  115.817  463.268   507.813  1  1
0  1.2  17.0  16  18   5873.0   82.222   82.222   293.65    311.269  1  1
0  1.2  19.0  18  20   3842.0   61.472   61.472   180.574   192.100  1  1
0  1.2  21.0  20  22   2648.0   47.664   47.664   124.456   129.752  1  1
0  1.2  23.0  22  24   1713.0   34.26    34.26    73.659    77.085   1  1
0  1.2  25.0  24  26   1124.0   26.976   26.976   49.456    50.58    1  1
0  1.2  27.0  26  28   759.0    23.529   23.529   37.191    37.95    1  1
0  1.2  29.0  28  30   588.0    19.992   19.992   28.224    29.4     1  1
0  1.2  31.0  30  32   380.0    17.100   17.100   23.56     23.94    1  1
0  1.2  33.0  32  34   286.0    14.3     14.3     18.59     18.876   1  1
0  1.2  35.0  34  36   213.0    11.289   11.289   10.224    10.437   1  1
0  1.2  37.0  36  38   176.0    10.032   10.032   7.744     8.096    1  1
0  1.2  39.0  38  40   109.0    8.175    8.175    4.796     4.905    1  1
0  1.2  41.4  40  43   86.0     5.848    5.848    3.698     3.87     1  1
0  1.2  44.4  43  46   73.0     5.256    5.256    5.913     5.986    1  1
0  1.2  47.9  46  50   38.0     3.306    3.306    1.71      1.748    1  1
0  1.2  52.4  50  55   21.0     2.31     2.31     0.882     0.924    1  1
0  1.2  57.4  55  60   20.0     2.06     2.06     0.92      0.94     1  1
0  1.2  64.6  60  70   8.1      0.9882   0.9882   0.4455    0.4536   1  1
0  1.2  82.0  70  100  2.3      0.322    0.322    0.1587    0.1587   1  1
