0.0 1.2  20.9  20  22 5.62E+00  0.9  0.9  7.3  7.3  1.29  0.88
0.0 1.2  22.9  22  24 3.68E+00  1.1  1.1  6.3  6.3  1.27  0.88
0.0 1.2  25.0  24  26 2.47E+00  1.3  1.3  5.6  5.6  1.26  0.89
0.0 1.2  26.9  26  28 1.73E+00  1.5  1.5  4.9  4.9  1.25  0.90
0.0 1.2  29.0  28  30 1.20E+00  1.8  1.8  4.9  4.9  1.24  0.90
0.0 1.2  31.0  30  32 8.55E-01  2.1  2.1  5.1  5.1  1.23  0.91
0.0 1.2  33.0  32  34 6.36E-01  2.4  2.4  4.8  4.8  1.23  0.91
0.0 1.2  35.0  34  36 4.72E-01  2.8  2.8  5.3  5.3  1.21  0.91
0.0 1.2  37.0  36  38 3.32E-01  3.4  3.4  5.8  5.8  1.21  0.92
0.0 1.2  39.0  38  40 2.51E-01  3.9  3.9  6.0  6.0  1.21  0.91
0.0 1.2  41.4  40  43 2.04E-01  3.5  3.5  4.8  4.8  1.19  0.92
0.0 1.2  44.4  43  46 1.28E-01  4.3  4.3  4.9  4.9  1.18  0.93
0.0 1.2  47.9  46  50 8.07E-02  4.6  4.6  4.6  4.6  1.17  0.93
0.0 1.2  52.3  50  55 5.16E-02  5.2  5.2  4.7  4.7  1.16  0.94
0.0 1.2  57.3  55  60 3.33E-02  6.5  6.5  4.8  4.8  1.14  0.95
0.0 1.2  64.3  60  70 1.62E-02  6.8  6.8  5.1  5.1  1.13  0.95
0.0 1.2  80.5  70 100 4.32E-03  7.7  7.7  4.7  4.7  1.09  0.97
0.0 1.2 111.5 100 130 6.48E-04 20.0 20.0  4.7  4.7  1.09  0.97
