2 2.5 0.5 0 1 76.9962 0.957596 0.957596 2.54232 2.54232 1 1
2 2.5 1.5 1 2 196.752 1.52692 1.52692 5.7976 5.7976 1 1
2 2.5 2.5 2 3 249.829 1.69571 1.69571 7.43704 7.43704 1 1
2 2.5 3.5 3 4 254.512 1.69262 1.69262 7.61402 7.61402 1 1
2 2.5 4.5 4 5 229.375 1.59946 1.59946 6.73215 6.73215 1 1
2 2.5 5.5 5 6 187.359 1.42031 1.42031 5.59273 5.59273 1 1
2 2.5 6.5 6 7 148.238 1.24031 1.24031 4.57362 4.57362 1 1
2 2.5 7.5 7 8 113.302 1.07235 1.07235 3.44081 3.44081 1 1
2 2.5 8.5 8 9 85.7977 0.926371 0.926371 2.5607 2.5607 1 1
2 2.5 9.5 9 10 65.2003 0.795389 0.795389 1.95876 1.95876 1 1
2 2.5 10.5 10 11 50.2477 0.698033 0.698033 1.62496 1.62496 1 1
2 2.5 11.5 11 12 37.1797 0.600605 0.600605 1.16878 1.16878 1 1
2 2.5 12.5 12 13 27.5355 0.506575 0.506575 0.831688 0.831688 1 1
2 2.5 13.5 13 14 20.48 0.438371 0.438371 0.646746 0.646746 1 1
2 2.5 14.5 14 15 15.7782 0.378288 0.378288 0.570646 0.570646 1 1
2 2.5 15.5 15 16 11.7999 0.321032 0.321032 0.390917 0.390917 1 1
2 2.5 16.5 16 17 8.74279 0.26906 0.26906 0.255468 0.255468 1 1
2 2.5 17.5 17 18 6.70679 0.233553 0.233553 0.221113 0.221113 1 1
2 2.5 18.5 18 19 5.55659 0.20813 0.20813 0.171081 0.171081 1 1
2 2.5 19.5 19 20 4.04203 0.176995 0.176995 0.119143 0.119143 1 1
2 2.5 21 20 22 2.72024 0.0994654 0.0994654 0.0812084 0.0812084 1 1
2 2.5 23 22 24 1.6565 0.0775609 0.0775609 0.049306 0.049306 1 1
2 2.5 25 24 26 1.24297 0.0669542 0.0669542 0.039458 0.039458 1 1
2 2.5 28 26 30 0.601411 0.0339356 0.0339356 0.0209626 0.0209626 1 1
