3 3.5 0.5 0 1 65.4861 0.446429 0.446429 2.00715 2.00715 1 1
3 3.5 1.5 1 2 163.056 0.702876 0.702876 4.77763 4.77763 1 1
3 3.5 2.5 2 3 207.306 0.793013 0.793013 6.21077 6.21077 1 1
3 3.5 3.5 3 4 203.709 0.789712 0.789712 6.03015 6.03015 1 1
3 3.5 4.5 4 5 177.42 0.740123 0.740123 5.17932 5.17932 1 1
3 3.5 5.5 5 6 145.312 0.671105 0.671105 4.3132 4.3132 1 1
3 3.5 6.5 6 7 111.99 0.588765 0.588765 3.30908 3.30908 1 1
3 3.5 7.5 7 8 85.5122 0.507698 0.507698 2.53014 2.53014 1 1
3 3.5 8.5 8 9 62.8154 0.429502 0.429502 1.83831 1.83831 1 1
3 3.5 9.5 9 10 47.0602 0.366582 0.366582 1.37112 1.37112 1 1
3 3.5 10.5 10 11 34.3465 0.309461 0.309461 1.00461 1.00461 1 1
3 3.5 11.5 11 12 25.2429 0.262758 0.262758 0.784149 0.784149 1 1
3 3.5 12.5 12 13 18.0911 0.220602 0.220602 0.534782 0.534782 1 1
3 3.5 13.5 13 14 13.4073 0.189177 0.189177 0.428766 0.428766 1 1
3 3.5 14.5 14 15 9.8666 0.16201 0.16201 0.287414 0.287414 1 1
3 3.5 15.5 15 16 7.28984 0.139318 0.139318 0.222281 0.222281 1 1
3 3.5 16.5 16 17 5.57604 0.121577 0.121577 0.163828 0.163828 1 1
3 3.5 17.5 17 18 3.91926 0.102259 0.102259 0.119829 0.119829 1 1
3 3.5 18.5 18 19 3.10082 0.0903054 0.0903054 0.0900216 0.0900216 1 1
3 3.5 19.5 19 20 2.51625 0.0817719 0.0817719 0.0817467 0.0817467 1 1
3 3.5 21 20 22 1.68543 0.0476083 0.0476083 0.0586081 0.0586081 1 1
3 3.5 23 22 24 0.928951 0.0366732 0.0366732 0.0309729 0.0309729 1 1
3 3.5 25 24 26 0.562518 0.0285841 0.0285841 0.0174363 0.0174363 1 1
3 3.5 28 26 30 0.304159 0.0164903 0.0164903 0.00963207 0.00963207 1 1
