3.5 4 0.5 0 1 11.1579 0.225808 0.225808 0.338711 0.338711 1 1
3.5 4 1.5 1 2 28.6052 0.356688 0.356688 0.937953 0.937953 1 1
3.5 4 2.5 2 3 35.6066 0.398498 0.398498 1.04588 1.04588 1 1
3.5 4 3.5 3 4 37.5968 0.40737 0.40737 1.19532 1.19532 1 1
3.5 4 4.5 4 5 33.1389 0.383001 0.383001 1.00726 1.00726 1 1
3.5 4 5.5 5 6 27.1744 0.347133 0.347133 0.878446 0.878446 1 1
3.5 4 6.5 6 7 22.263 0.311407 0.311407 0.758489 0.758489 1 1
3.5 4 7.5 7 8 17.5684 0.277409 0.277409 0.549329 0.549329 1 1
3.5 4 8.5 8 9 13.713 0.242366 0.242366 0.401114 0.401114 1 1
3.5 4 9.5 9 10 10.5257 0.209908 0.209908 0.337319 0.337319 1 1
3.5 4 10.5 10 11 7.74158 0.178265 0.178265 0.268457 0.268457 1 1
3.5 4 11.5 11 12 5.87619 0.154535 0.154535 0.188869 0.188869 1 1
3.5 4 12.5 12 13 4.50524 0.13484 0.13484 0.145019 0.145019 1 1
3.5 4 13.5 13 14 3.325 0.116312 0.116312 0.109271 0.109271 1 1
3.5 4 14.5 14 15 2.54136 0.101451 0.101451 0.12893 0.12893 1 1
3.5 4 15.5 15 16 1.84175 0.0858696 0.0858696 0.0593507 0.0593507 1 1
3.5 4 16.5 16 17 1.35804 0.0764901 0.0764901 0.0679537 0.0679537 1 1
3.5 4 17.5 17 18 1.03936 0.0707301 0.0707301 0.0430447 0.0430447 1 1
3.5 4 18.5 18 19 0.780562 0.0635179 0.0635179 0.0518287 0.0518287 1 1
3.5 4 19.5 19 20 0.629002 0.0555776 0.0555776 0.0260044 0.0260044 1 1
3.5 4 22.5 20 25 0.237904 0.0164363 0.0164363 0.00970352 0.00970352 1 1
