2.5 3 0.5 0 1 74.3179 0.520847 0.520847 2.25851 2.25851 1 1
2.5 3 1.5 1 2 188.633 0.829545 0.829545 5.50472 5.50472 1 1
2.5 3 2.5 2 3 244.272 0.944861 0.944861 7.20041 7.20041 1 1
2.5 3 3.5 3 4 244.776 0.949751 0.949751 7.12838 7.12838 1 1
2.5 3 4.5 4 5 214.182 0.892794 0.892794 6.23696 6.23696 1 1
2.5 3 5.5 5 6 177.297 0.813842 0.813842 5.23438 5.23438 1 1
2.5 3 6.5 6 7 138.142 0.718855 0.718855 4.04551 4.04551 1 1
2.5 3 7.5 7 8 105.322 0.622277 0.622277 3.10848 3.10848 1 1
2.5 3 8.5 8 9 79.8634 0.535902 0.535902 2.37228 2.37228 1 1
2.5 3 9.5 9 10 60.0838 0.45665 0.45665 1.76541 1.76541 1 1
2.5 3 10.5 10 11 44.192 0.386397 0.386397 1.37381 1.37381 1 1
2.5 3 11.5 11 12 32.641 0.326756 0.326756 0.978359 0.978359 1 1
2.5 3 12.5 12 13 23.9976 0.27646 0.27646 0.737523 0.737523 1 1
2.5 3 13.5 13 14 18.1729 0.237553 0.237553 0.55301 0.55301 1 1
2.5 3 14.5 14 15 13.4203 0.203169 0.203169 0.406031 0.406031 1 1
2.5 3 15.5 15 16 10.3032 0.174856 0.174856 0.310327 0.310327 1 1
2.5 3 16.5 16 17 7.36241 0.147158 0.147158 0.22009 0.22009 1 1
2.5 3 17.5 17 18 5.65464 0.127962 0.127962 0.165351 0.165351 1 1
2.5 3 18.5 18 19 4.20978 0.109651 0.109651 0.125353 0.125353 1 1
2.5 3 19.5 19 20 3.33905 0.0970328 0.0970328 0.0974794 0.0974794 1 1
2.5 3 21 20 22 2.33514 0.0571907 0.0571907 0.0731044 0.0731044 1 1
2.5 3 23 22 24 1.38464 0.0442896 0.0442896 0.0418098 0.0418098 1 1
2.5 3 25 24 26 0.857292 0.0348326 0.0348326 0.0303777 0.0303777 1 1
2.5 3 27 26 28 0.564363 0.0293563 0.0293563 0.0165124 0.0165124 1 1
2.5 3 29 28 30 0.393472 0.0259184 0.0259184 0.0151503 0.0151503 1 1
