2 2.5 0.5 0 1 727.45 13.14 13.14 25.66 25.66 1 1
2 2.5 1.5 1 2 1463.31 16.73 16.73 19.26 19.26 1 1
2 2.5 2.5 2 3 1237.49 12.28 12.28 22.39 22.39 1 1
2 2.5 3.5 3 4 761.17 7.29 7.29 20.6 20.6 1 1
2 2.5 4.5 4 5 432.67 4.33 4.33 20.79 20.79 1 1
2 2.5 5.5 5 6 231.63 2.6 2.6 2.89 2.89 1 1
2 2.5 6.5 6 7 126.5 1.65 1.65 2.29 2.29 1 1
2 2.5 7.5 7 8 68.05 1.07 1.07 1.98 1.98 1 1
2 2.5 8.5 8 9 39.23 0.74 0.74 1.88 1.88 1 1
2 2.5 9.5 9 10 22.04 0.52 0.52 0.66 0.66 1 1
2 2.5 10.5 10 11 13.6 0.39 0.39 0.45 0.45 1 1
2 2.5 11.5 11 12 8.06 0.28 0.28 0.23 0.23 1 1
2 2.5 12.5 12 13 5.26 0.22 0.22 0.2 0.2 1 1
2 2.5 13.5 13 14 3.3 0.17 0.17 0.21 0.21 1 1
