2 2.5 0.5 0 1 16.2235 0.48742 0.48742 0.647141 0.647141 1 1
2 2.5 1.5 1 2 43.5476 0.787355 0.787355 1.3191 1.3191 1 1
2 2.5 2.5 2 3 55.4553 0.877284 0.877284 1.68178 1.68178 1 1
2 2.5 3.5 3 4 59.8195 0.896092 0.896092 1.89973 1.89973 1 1
2 2.5 4.5 4 5 54.7003 0.849787 0.849787 1.64063 1.64063 1 1
2 2.5 5.5 5 6 46.9481 0.774378 0.774378 1.44846 1.44846 1 1
2 2.5 6.5 6 7 40.5466 0.708083 0.708083 1.41791 1.41791 1 1
2 2.5 7.5 7 8 33.3607 0.636737 0.636737 1.08705 1.08705 1 1
2 2.5 8.5 8 9 26.8528 0.564503 0.564503 0.850198 0.850198 1 1
2 2.5 9.5 9 10 20.3186 0.48361 0.48361 0.664536 0.664536 1 1
2 2.5 10.5 10 11 16.3047 0.434093 0.434093 0.570525 0.570525 1 1
2 2.5 11.5 11 12 13.0946 0.391485 0.391485 0.485188 0.485188 1 1
2 2.5 12.5 12 13 9.85561 0.329735 0.329735 0.329681 0.329681 1 1
2 2.5 13.5 13 14 7.86743 0.295973 0.295973 0.27461 0.27461 1 1
2 2.5 14.5 14 15 5.98637 0.252398 0.252398 0.263398 0.263398 1 1
2 2.5 15.5 15 16 4.71036 0.221007 0.221007 0.189512 0.189512 1 1
2 2.5 16.5 16 17 3.78017 0.192297 0.192297 0.113905 0.113905 1 1
2 2.5 17.5 17 18 2.61061 0.159095 0.159095 0.0981858 0.0981858 1 1
2 2.5 18.5 18 19 2.29784 0.14384 0.14384 0.0737463 0.0737463 1 1
2 2.5 19.5 19 20 1.77572 0.126283 0.126283 0.0532695 0.0532695 1 1
2 2.5 21 20 22 1.33626 0.0757279 0.0757279 0.0412119 0.0412119 1 1
2 2.5 23 22 24 0.762218 0.057456 0.057456 0.023355 0.023355 1 1
2 2.5 25 24 26 0.628569 0.0514385 0.0514385 0.0222083 0.0222083 1 1
2 2.5 28 26 30 0.274156 0.0249817 0.0249817 0.0112314 0.0112314 1 1
