4 4.5 0.5 0 1 2.93641 0.219903 0.219903 0.109548 0.109548 1 1
4 4.5 1.5 1 2 6.85854 0.334982 0.334982 0.291668 0.291668 1 1
4 4.5 2.5 2 3 9.88138 0.377358 0.377358 0.300408 0.300408 1 1
4 4.5 3.5 3 4 9.37225 0.359184 0.359184 0.312896 0.312896 1 1
4 4.5 4.5 4 5 8.95596 0.338834 0.338834 0.474711 0.474711 1 1
4 4.5 5.5 5 6 7.36107 0.304099 0.304099 0.214687 0.214687 1 1
4 4.5 6.5 6 7 6.2651 0.276954 0.276954 0.184101 0.184101 1 1
4 4.5 7.5 7 8 4.96286 0.242436 0.242436 0.164181 0.164181 1 1
4 4.5 8.5 8 9 3.49129 0.213628 0.213628 0.149144 0.149144 1 1
4 4.5 9.5 9 10 2.47766 0.187255 0.187255 0.0769957 0.0769957 1 1
4 4.5 10.5 10 11 2.20294 0.173824 0.173824 0.155857 0.155857 1 1
4 4.5 11.5 11 12 1.372 0.142525 0.142525 0.0569253 0.0569253 1 1
4 4.5 12.5 12 13 0.926879 0.141214 0.141214 0.0378063 0.0378063 1 1
4 4.5 14 13 15 0.602464 0.0868401 0.0868401 0.0246937 0.0246937 1 1
4 4.5 17.5 15 20 0.183823 0.0333977 0.0333977 0.0080751 0.0080751 1 1
