3 3.5 0.5 0 1 5.4482 0.173367 0.173367 0.184766 0.184766 1 1
3 3.5 1.5 1 2 14.3564 0.276185 0.276185 0.417666 0.417666 1 1
3 3.5 2.5 2 3 18.0982 0.305543 0.305543 0.597288 0.597288 1 1
3 3.5 3.5 3 4 19.9815 0.310685 0.310685 0.600718 0.600718 1 1
3 3.5 4.5 4 5 19.0228 0.296407 0.296407 0.561379 0.561379 1 1
3 3.5 5.5 5 6 17.0504 0.274938 0.274938 0.527736 0.527736 1 1
3 3.5 6.5 6 7 14.7264 0.25052 0.25052 0.447315 0.447315 1 1
3 3.5 7.5 7 8 12.2757 0.223647 0.223647 0.38817 0.38817 1 1
3 3.5 8.5 8 9 9.81917 0.194728 0.194728 0.289272 0.289272 1 1
3 3.5 9.5 9 10 7.97703 0.170413 0.170413 0.236095 0.236095 1 1
3 3.5 10.5 10 11 6.38736 0.148892 0.148892 0.191976 0.191976 1 1
3 3.5 11.5 11 12 4.98603 0.129449 0.129449 0.196395 0.196395 1 1
3 3.5 12.5 12 13 3.9082 0.112301 0.112301 0.120577 0.120577 1 1
3 3.5 13.5 13 14 3.04815 0.0983838 0.0983838 0.122534 0.122534 1 1
3 3.5 14.5 14 15 2.33319 0.0867837 0.0867837 0.0687808 0.0687808 1 1
3 3.5 15.5 15 16 1.80606 0.0767707 0.0767707 0.0619671 0.0619671 1 1
3 3.5 16.5 16 17 1.51945 0.0690336 0.0690336 0.0456011 0.0456011 1 1
3 3.5 17.5 17 18 1.11099 0.0593324 0.0593324 0.0340136 0.0340136 1 1
3 3.5 18.5 18 19 0.860538 0.0521612 0.0521612 0.0250731 0.0250731 1 1
3 3.5 19.5 19 20 0.646272 0.0456764 0.0456764 0.0252145 0.0252145 1 1
3 3.5 21 20 22 0.459862 0.0275107 0.0275107 0.016773 0.016773 1 1
3 3.5 23 22 24 0.322776 0.0235449 0.0235449 0.0116387 0.0116387 1 1
3 3.5 25 24 26 0.210117 0.0190951 0.0190951 0.00683096 0.00683096 1 1
3 3.5 28 26 30 0.100154 0.0104212 0.0104212 0.00391407 0.00391407 1 1
