3.5 4 0.5 0 1 52.5577 0.440973 0.440973 1.54132 1.54132 1 1
3.5 4 1.5 1 2 131.378 0.691513 0.691513 4.04746 4.04746 1 1
3.5 4 2.5 2 3 161.816 0.766744 0.766744 4.71208 4.71208 1 1
3.5 4 3.5 3 4 158.88 0.76025 0.76025 4.71834 4.71834 1 1
3.5 4 4.5 4 5 138.309 0.712692 0.712692 4.06781 4.06781 1 1
3.5 4 5.5 5 6 109.349 0.63456 0.63456 3.30155 3.30155 1 1
3.5 4 6.5 6 7 84.0581 0.556076 0.556076 2.57017 2.57017 1 1
3.5 4 7.5 7 8 62.9591 0.481888 0.481888 1.854 1.854 1 1
3.5 4 8.5 8 9 46.3748 0.408801 0.408801 1.34733 1.34733 1 1
3.5 4 9.5 9 10 32.7252 0.340933 0.340933 0.987366 0.987366 1 1
3.5 4 10.5 10 11 23.6922 0.287487 0.287487 0.740088 0.740088 1 1
3.5 4 11.5 11 12 17.7343 0.247689 0.247689 0.527648 0.527648 1 1
3.5 4 12.5 12 13 12.6348 0.209076 0.209076 0.384075 0.384075 1 1
3.5 4 13.5 13 14 8.9813 0.17574 0.17574 0.276086 0.276086 1 1
3.5 4 14.5 14 15 6.4727 0.149287 0.149287 0.233631 0.233631 1 1
3.5 4 15.5 15 16 4.53059 0.12538 0.12538 0.136191 0.136191 1 1
3.5 4 16.5 16 17 3.58522 0.114106 0.114106 0.124524 0.124524 1 1
3.5 4 17.5 17 18 2.49815 0.10028 0.10028 0.0845019 0.0845019 1 1
3.5 4 18.5 18 19 1.82221 0.0882437 0.0882437 0.0838971 0.0838971 1 1
3.5 4 19.5 19 20 1.49369 0.0790845 0.0790845 0.0476534 0.0476534 1 1
3.5 4 22.5 20 25 0.516984 0.0216513 0.0216513 0.016312 0.016312 1 1
