4 4.5 0.5 0 1 31.5973 0.593507 0.593507 0.998397 0.998397 1 1
4 4.5 1.5 1 2 79.223 0.926392 0.926392 2.42117 2.42117 1 1
4 4.5 2.5 2 3 96.084 1.00299 1.00299 2.8435 2.8435 1 1
4 4.5 3.5 3 4 91.6459 0.959449 0.959449 2.71466 2.71466 1 1
4 4.5 4.5 4 5 76.7034 0.856495 0.856495 2.50741 2.50741 1 1
4 4.5 5.5 5 6 62.8692 0.767781 0.767781 1.8299 1.8299 1 1
4 4.5 6.5 6 7 46.4062 0.652161 0.652161 1.35393 1.35393 1 1
4 4.5 7.5 7 8 35.3047 0.572172 0.572172 1.06589 1.06589 1 1
4 4.5 8.5 8 9 23.7166 0.479935 0.479935 0.788671 0.788671 1 1
4 4.5 9.5 9 10 15.7389 0.404896 0.404896 0.467648 0.467648 1 1
4 4.5 10.5 10 11 10.036 0.33726 0.33726 0.392299 0.392299 1 1
4 4.5 11.5 11 12 6.45127 0.286306 0.286306 0.210728 0.210728 1 1
4 4.5 12.5 12 13 4.82587 0.278808 0.278808 0.171064 0.171064 1 1
4 4.5 14 13 15 2.45997 0.146349 0.146349 0.102777 0.102777 1 1
4 4.5 17.5 15 20 0.698384 0.0596964 0.0596964 0.0275118 0.0275118 1 1
