2.5 3 0.5 0 1 15.8081 0.269967 0.269967 0.523878 0.523878 1 1
2.5 3 1.5 1 2 40.8864 0.433298 0.433298 1.19957 1.19957 1 1
2.5 3 2.5 2 3 53.0665 0.495271 0.495271 1.60563 1.60563 1 1
2.5 3 3.5 3 4 56.481 0.51136 0.51136 1.65401 1.65401 1 1
2.5 3 4.5 4 5 51.9981 0.491992 0.491992 1.52858 1.52858 1 1
2.5 3 5.5 5 6 44.7855 0.455743 0.455743 1.34819 1.34819 1 1
2.5 3 6.5 6 7 37.235 0.41349 0.41349 1.11103 1.11103 1 1
2.5 3 7.5 7 8 29.7018 0.366255 0.366255 0.920441 0.920441 1 1
2.5 3 8.5 8 9 23.5813 0.321135 0.321135 0.751469 0.751469 1 1
2.5 3 9.5 9 10 18.391 0.275522 0.275522 0.55387 0.55387 1 1
2.5 3 10.5 10 11 13.9375 0.236516 0.236516 0.462302 0.462302 1 1
2.5 3 11.5 11 12 10.748 0.202812 0.202812 0.340432 0.340432 1 1
2.5 3 12.5 12 13 8.38895 0.175531 0.175531 0.265177 0.265177 1 1
2.5 3 13.5 13 14 6.35654 0.150685 0.150685 0.198967 0.198967 1 1
2.5 3 14.5 14 15 4.95923 0.131962 0.131962 0.165496 0.165496 1 1
2.5 3 15.5 15 16 4.05287 0.116453 0.116453 0.126595 0.126595 1 1
2.5 3 16.5 16 17 2.96019 0.0994938 0.0994938 0.0938526 0.0938526 1 1
2.5 3 17.5 17 18 2.38289 0.0883711 0.0883711 0.0702795 0.0702795 1 1
2.5 3 18.5 18 19 1.84544 0.07709 0.07709 0.0590137 0.0590137 1 1
2.5 3 19.5 19 20 1.38934 0.0668775 0.0668775 0.0404528 0.0404528 1 1
2.5 3 21 20 22 1.07526 0.0410715 0.0410715 0.0367579 0.0367579 1 1
2.5 3 23 22 24 0.640854 0.0319027 0.0319027 0.0201379 0.0201379 1 1
2.5 3 25 24 26 0.405215 0.0252071 0.0252071 0.0143475 0.0143475 1 1
2.5 3 27 26 28 0.290294 0.0221572 0.0221572 0.00850324 0.00850324 1 1
2.5 3 29 28 30 0.194188 0.0195583 0.0195583 0.00989396 0.00989396 1 1
