2.5 3 0.5 0 1 6.57575 0.193244 0.193244 0.203119 0.203119 1 1
2.5 3 1.5 1 2 16.9041 0.311645 0.311645 0.505447 0.505447 1 1
2.5 3 2.5 2 3 22.3293 0.357411 0.357411 0.661815 0.661815 1 1
2.5 3 3.5 3 4 23.9945 0.369944 0.369944 0.699648 0.699648 1 1
2.5 3 4.5 4 5 22.8458 0.360453 0.360453 0.662546 0.662546 1 1
2.5 3 5.5 5 6 20.4225 0.338332 0.338332 0.607226 0.607226 1 1
2.5 3 6.5 6 7 17.199 0.308173 0.308173 0.501458 0.501458 1 1
2.5 3 7.5 7 8 14.9699 0.280033 0.280033 0.444362 0.444362 1 1
2.5 3 8.5 8 9 12.2699 0.248748 0.248748 0.392943 0.392943 1 1
2.5 3 9.5 9 10 9.62333 0.21334 0.21334 0.289422 0.289422 1 1
2.5 3 10.5 10 11 7.95548 0.188431 0.188431 0.277114 0.277114 1 1
2.5 3 11.5 11 12 6.31313 0.163197 0.163197 0.20382 0.20382 1 1
2.5 3 12.5 12 13 5.29324 0.143715 0.143715 0.169556 0.169556 1 1
2.5 3 13.5 13 14 4.13949 0.125234 0.125234 0.134334 0.134334 1 1
2.5 3 14.5 14 15 3.33372 0.111178 0.111178 0.119408 0.119408 1 1
2.5 3 15.5 15 16 2.42995 0.0935091 0.0935091 0.0786835 0.0786835 1 1
2.5 3 16.5 16 17 1.93971 0.0828102 0.0828102 0.0622078 0.0622078 1 1
2.5 3 17.5 17 18 1.5467 0.0733565 0.0733565 0.0460741 0.0460741 1 1
2.5 3 18.5 18 19 1.16756 0.0631592 0.0631592 0.0372003 0.0372003 1 1
2.5 3 19.5 19 20 0.97431 0.0569649 0.0569649 0.0283281 0.0283281 1 1
2.5 3 21 20 22 0.728679 0.0348189 0.0348189 0.0277492 0.0277492 1 1
2.5 3 23 22 24 0.461965 0.0278429 0.0278429 0.0138837 0.0138837 1 1
2.5 3 25 24 26 0.302496 0.0219659 0.0219659 0.00987999 0.00987999 1 1
2.5 3 27 26 28 0.183395 0.0183171 0.0183171 0.00548118 0.00548118 1 1
2.5 3 29 28 30 0.12203 0.0157172 0.0157172 0.00456987 0.00456987 1 1
