3.5 4 0.5 0 1 670.5 5.34 5.34 6.78 6.78 1 1
3.5 4 1.5 1 2 1213.97 6.52 6.52 20.9 20.9 1 1
3.5 4 2.5 2 3 926.23 4.88 4.88 7.5 7.5 1 1
3.5 4 3.5 3 4 542.09 3.19 3.19 5.56 5.56 1 1
3.5 4 4.5 4 5 284.82 2 2 3.44 3.44 1 1
3.5 4 5.5 5 6 146.41 1.29 1.29 2.2 2.2 1 1
3.5 4 6.5 6 7 73.68 0.84 0.84 1.33 1.33 1 1
3.5 4 7.5 7 8 37.39 0.56 0.56 0.82 0.82 1 1
3.5 4 8.5 8 9 20.05 0.4 0.4 0.52 0.52 1 1
3.5 4 9.5 9 10 11.04 0.29 0.29 0.38 0.38 1 1
3.5 4 10.5 10 11 6.24 0.2 0.2 0.28 0.28 1 1
3.5 4 11.5 11 12 3.85 0.18 0.18 0.16 0.16 1 1
3.5 4 12.5 12 13 2.23 0.13 0.13 0.05 0.05 1 1
3.5 4 13.5 13 14 1.49 0.1 0.1 0.04 0.04 1 1
