3 3.5 0.5 0 1 14.1322 0.239464 0.239464 0.44789 0.44789 1 1
3 3.5 1.5 1 2 35.0934 0.376024 0.376024 1.04752 1.04752 1 1
3 3.5 2.5 2 3 45.0986 0.421899 0.421899 1.39353 1.39353 1 1
3 3.5 3.5 3 4 46.4817 0.425072 0.425072 1.45398 1.45398 1 1
3 3.5 4.5 4 5 41.5813 0.399491 0.399491 1.22384 1.22384 1 1
3 3.5 5.5 5 6 36.3196 0.370226 0.370226 1.12568 1.12568 1 1
3 3.5 6.5 6 7 30.0427 0.333909 0.333909 0.932847 0.932847 1 1
3 3.5 7.5 7 8 23.7499 0.292024 0.292024 0.742491 0.742491 1 1
3 3.5 8.5 8 9 18.3221 0.251569 0.251569 0.540089 0.540089 1 1
3 3.5 9.5 9 10 14.2883 0.218067 0.218067 0.421935 0.421935 1 1
3 3.5 10.5 10 11 11.3918 0.189757 0.189757 0.344925 0.344925 1 1
3 3.5 11.5 11 12 8.29114 0.160766 0.160766 0.301275 0.301275 1 1
3 3.5 12.5 12 13 6.37553 0.13884 0.13884 0.192173 0.192173 1 1
3 3.5 13.5 13 14 4.89477 0.121214 0.121214 0.183994 0.183994 1 1
3 3.5 14.5 14 15 3.66861 0.105466 0.105466 0.107395 0.107395 1 1
3 3.5 15.5 15 16 2.84551 0.0926762 0.0926762 0.0973444 0.0973444 1 1
3 3.5 16.5 16 17 2.1772 0.0808876 0.0808876 0.0664695 0.0664695 1 1
3 3.5 17.5 17 18 1.71871 0.0717642 0.0717642 0.0525789 0.0525789 1 1
3 3.5 18.5 18 19 1.38859 0.0636732 0.0636732 0.0403975 0.0403975 1 1
3 3.5 19.5 19 20 0.926497 0.0535797 0.0535797 0.0406101 0.0406101 1 1
3 3.5 21 20 22 0.688857 0.0325369 0.0325369 0.0277945 0.0277945 1 1
3 3.5 23 22 24 0.408424 0.0258665 0.0258665 0.0158891 0.0158891 1 1
3 3.5 25 24 26 0.276 0.0216174 0.0216174 0.00970431 0.00970431 1 1
3 3.5 28 26 30 0.134336 0.0118688 0.0118688 0.00538967 0.00538967 1 1
