2.5 3 0.5 0 1 772.4 6.84 6.84 11.94 11.94 1 1
2.5 3 1.5 1 2 1473.44 8.74 8.74 13.74 13.74 1 1
2.5 3 2.5 2 3 1196.41 6.69 6.69 20.45 20.45 1 1
2.5 3 3.5 3 4 738.03 4.2 4.2 8.94 8.94 1 1
2.5 3 4.5 4 5 408.62 2.56 2.56 6.57 6.57 1 1
2.5 3 5.5 5 6 217.04 1.61 1.61 5.01 5.01 1 1
2.5 3 6.5 6 7 116.27 1.07 1.07 4.31 4.31 1 1
2.5 3 7.5 7 8 63.25 0.74 0.74 1.09 1.09 1 1
2.5 3 8.5 8 9 34.85 0.52 0.52 0.84 0.84 1 1
2.5 3 9.5 9 10 19.54 0.37 0.37 0.49 0.49 1 1
2.5 3 10.5 10 11 11.59 0.28 0.28 0.37 0.37 1 1
2.5 3 11.5 11 12 7.29 0.22 0.22 0.33 0.33 1 1
2.5 3 12.5 12 13 4.31 0.16 0.16 0.06 0.06 1 1
2.5 3 13.5 13 14 2.94 0.14 0.14 0.07 0.07 1 1
