2 2.5 0.5 0 1 6.59347 0.338652 0.338652 0.258953 0.258953 1 1
2 2.5 1.5 1 2 16.3872 0.531479 0.531479 0.475658 0.475658 1 1
2 2.5 2.5 2 3 21.4565 0.598754 0.598754 0.679162 0.679162 1 1
2 2.5 3.5 3 4 24.8738 0.625404 0.625404 0.735461 0.735461 1 1
2 2.5 4.5 4 5 22.7469 0.59573 0.59573 0.672598 0.672598 1 1
2 2.5 5.5 5 6 20.1125 0.549634 0.549634 0.589064 0.589064 1 1
2 2.5 6.5 6 7 18.7017 0.514335 0.514335 0.631343 0.631343 1 1
2 2.5 7.5 7 8 15.6532 0.465496 0.465496 0.46853 0.46853 1 1
2 2.5 8.5 8 9 13.3169 0.4246 0.4246 0.401129 0.401129 1 1
2 2.5 9.5 9 10 10.5869 0.370406 0.370406 0.33788 0.33788 1 1
2 2.5 10.5 10 11 8.22977 0.330705 0.330705 0.287641 0.287641 1 1
2 2.5 11.5 11 12 6.54424 0.295664 0.295664 0.255175 0.255175 1 1
2 2.5 12.5 12 13 5.82047 0.264333 0.264333 0.188792 0.188792 1 1
2 2.5 13.5 13 14 4.8251 0.242997 0.242997 0.15899 0.15899 1 1
2 2.5 14.5 14 15 3.86481 0.212024 0.212024 0.175766 0.175766 1 1
2 2.5 15.5 15 16 3.04604 0.184633 0.184633 0.113322 0.113322 1 1
2 2.5 16.5 16 17 2.19741 0.15548 0.15548 0.0709971 0.0709971 1 1
2 2.5 17.5 17 18 1.77846 0.135701 0.135701 0.0664684 0.0664684 1 1
2 2.5 18.5 18 19 1.57187 0.122575 0.122575 0.0531525 0.0531525 1 1
2 2.5 19.5 19 20 1.17063 0.107494 0.107494 0.0357121 0.0357121 1 1
2 2.5 21 20 22 0.842994 0.0625538 0.0625538 0.0271553 0.0271553 1 1
2 2.5 23 22 24 0.509952 0.0479893 0.0479893 0.0159828 0.0159828 1 1
2 2.5 25 24 26 0.342296 0.0396463 0.0396463 0.0114235 0.0114235 1 1
2 2.5 28 26 30 0.258663 0.024396 0.024396 0.0111335 0.0111335 1 1
