3 3.5 0.5 0 1 727.58 5.57 5.57 10.31 10.31 1 1
3 3.5 1.5 1 2 1357.44 7.01 7.01 11.1 11.1 1 1
3 3.5 2.5 2 3 1083.4 5.33 5.33 9.91 9.91 1 1
3 3.5 3.5 3 4 651.06 3.45 3.45 6.62 6.62 1 1
3 3.5 4.5 4 5 359.82 2.2 2.2 4.36 4.36 1 1
3 3.5 5.5 5 6 183.07 1.38 1.38 2.95 2.95 1 1
3 3.5 6.5 6 7 97.25 0.94 0.94 1.76 1.76 1 1
3 3.5 7.5 7 8 51.21 0.64 0.64 1.23 1.23 1 1
3 3.5 8.5 8 9 27.34 0.45 0.45 0.98 0.98 1 1
3 3.5 9.5 9 10 15.08 0.32 0.32 0.7 0.7 1 1
3 3.5 10.5 10 11 8.88 0.25 0.25 0.15 0.15 1 1
3 3.5 11.5 11 12 5.03 0.18 0.18 0.11 0.11 1 1
3 3.5 12.5 12 13 3.3 0.14 0.14 0.1 0.1 1 1
3 3.5 13.5 13 14 2.09 0.11 0.11 0.09 0.09 1 1
