4 4.5 0.5 0 1 579.84 6.08 6.08 7.65 7.65 1 1
4 4.5 1.5 1 2 1003.19 7.18 7.18 10.37 10.37 1 1
4 4.5 2.5 2 3 753.31 5.75 5.75 6.8 6.8 1 1
4 4.5 3.5 3 4 418.29 3.89 3.89 4.61 4.61 1 1
4 4.5 4.5 4 5 204.28 2.31 2.31 2.68 2.68 1 1
4 4.5 5.5 5 6 96.52 1.39 1.39 2.61 2.61 1 1
4 4.5 6.5 6 7 48.4 0.9 0.9 0.92 0.92 1 1
4 4.5 7.5 7 8 23.95 0.59 0.59 0.6 0.6 1 1
4 4.5 8.5 8 9 11.83 0.39 0.39 0.34 0.34 1 1
4 4.5 9.5 9 10 6.64 0.27 0.27 0.24 0.24 1 1
4 4.5 10.5 10 11 3.4 0.18 0.18 0.15 0.15 1 1
4 4.5 11.5 11 12 2.05 0.14 0.14 0.1 0.1 1 1
4 4.5 12.5 12 13 1.04 0.09 0.09 0.03 0.03 1 1
4 4.5 13.5 13 14 0.45 0.06 0.06 0.02 0.02 1 1
