4 4.5 0.5 0 1 7.05306 0.308397 0.308397 0.247016 0.247016 1 1
4 4.5 1.5 1 2 16.4611 0.47255 0.47255 0.602585 0.602585 1 1
4 4.5 2.5 2 3 21.6659 0.524007 0.524007 0.66095 0.66095 1 1
4 4.5 3.5 3 4 21.2429 0.50624 0.50624 0.704195 0.704195 1 1
4 4.5 4.5 4 5 19.1142 0.466035 0.466035 0.858019 0.858019 1 1
4 4.5 5.5 5 6 16.5149 0.426725 0.426725 0.481474 0.481474 1 1
4 4.5 6.5 6 7 12.534 0.369434 0.369434 0.372472 0.372472 1 1
4 4.5 7.5 7 8 10.1196 0.329616 0.329616 0.337749 0.337749 1 1
4 4.5 8.5 8 9 7.29692 0.290782 0.290782 0.322468 0.322468 1 1
4 4.5 9.5 9 10 4.97047 0.251707 0.251707 0.152146 0.152146 1 1
4 4.5 10.5 10 11 3.63139 0.218689 0.218689 0.166797 0.166797 1 1
4 4.5 11.5 11 12 2.21051 0.181184 0.181184 0.0849412 0.0849412 1 1
4 4.5 12.5 12 13 1.48254 0.169749 0.169749 0.0813349 0.0813349 1 1
4 4.5 14 13 15 0.843091 0.0946595 0.0946595 0.0477697 0.0477697 1 1
4 4.5 17.5 15 20 0.317257 0.0444072 0.0444072 0.016192 0.016192 1 1
