3.5 4 0.5 0 1 4.83908 0.162072 0.162072 0.144858 0.144858 1 1
3.5 4 1.5 1 2 11.6528 0.251443 0.251443 0.428506 0.428506 1 1
3.5 4 2.5 2 3 15.1299 0.28555 0.28555 0.442366 0.442366 1 1
3.5 4 3.5 3 4 15.9588 0.290234 0.290234 0.507241 0.507241 1 1
3.5 4 4.5 4 5 15.3981 0.281906 0.281906 0.457228 0.457228 1 1
3.5 4 5.5 5 6 13.2708 0.2601 0.2601 0.45044 0.45044 1 1
3.5 4 6.5 6 7 11.3206 0.236992 0.236992 0.409256 0.409256 1 1
3.5 4 7.5 7 8 9.57209 0.215917 0.215917 0.291395 0.291395 1 1
3.5 4 8.5 8 9 7.27796 0.187023 0.187023 0.212522 0.212522 1 1
3.5 4 9.5 9 10 5.99437 0.166458 0.166458 0.200907 0.200907 1 1
3.5 4 10.5 10 11 4.8457 0.145474 0.145474 0.169653 0.169653 1 1
3.5 4 11.5 11 12 3.4648 0.123905 0.123905 0.108464 0.108464 1 1
3.5 4 12.5 12 13 2.82811 0.110765 0.110765 0.0955033 0.0955033 1 1
3.5 4 13.5 13 14 2.10621 0.0960321 0.0960321 0.0747978 0.0747978 1 1
3.5 4 14.5 14 15 1.66074 0.0847756 0.0847756 0.0818744 0.0818744 1 1
3.5 4 15.5 15 16 1.22932 0.0723462 0.0723462 0.0384277 0.0384277 1 1
3.5 4 16.5 16 17 0.841631 0.0622354 0.0622354 0.043953 0.043953 1 1
3.5 4 17.5 17 18 0.804083 0.0631475 0.0631475 0.0294975 0.0294975 1 1
3.5 4 18.5 18 19 0.624416 0.0570196 0.0570196 0.0311182 0.0311182 1 1
3.5 4 19.5 19 20 0.400134 0.0467522 0.0467522 0.019454 0.019454 1 1
3.5 4 22.5 20 25 0.183398 0.0147915 0.0147915 0.00859106 0.00859106 1 1
