0 1 0 2 0 9
1 2 0 8 2 0 5
2 2 0 8 2 0 5
3 2 0 8 2 0 5
4 2 0 8 2 0 11
5 2 0 8 2 0 12
6 2 0 8 2 0 12
7 2 0 8 2 0 12
8 2 0 8 2 0 12
9 1 0 2 0 14
10 1 0 2 0 14
11 1 0 2 0 14
12 1 0 2 0 14
13 1 0 2 0 14
14 1 0 2 0 16
15 1 0 2 0 16
16 1 0 2 0 16
17 1 0 2 0 16
18 1 0 2 0 16
19 2 0 8 2 0 8
20 2 0 8 2 0 13
21 2 0 8 2 0 13
22 2 0 8 2 0 13
23 2 0 8 2 0 13
24 1 0 2 0 17
25 1 0 2 0 17
26 1 0 2 0 17
27 1 0 2 0 17
28 1 0 2 0 17
29 1 1 3 0 1 6
30 1 2 3 0 2 6
31 1 3 2 3 10
32 1 3 2 3 5
33 1 3 2 3 5
34 1 3 2 3 5
35 1 3 2 3 11
36 1 3 2 3 11
37 1 3 2 3 11
38 1 3 2 3 11
39 1 3 3 0 4 6
40 1 3 3 0 4 6
41 1 3 3 0 4 6
42 1 3 2 3 12
43 1 3 2 3 12
44 1 3 2 3 12
45 1 3 2 3 12
46 1 3 2 3 15
47 1 3 2 3 15
48 1 3 2 3 15
49 1 3 2 3 15
50 1 3 2 3 15
51 1 3 2 3 13
52 1 3 2 3 13
53 1 3 2 3 13
54 1 3 2 3 13
55 1 3 2 3 17
56 1 3 2 3 17
57 1 3 2 3 17
58 1 3 2 3 17
59 1 3 2 3 17
60 2 4 9 1 5
61 2 4 9 1 5
62 2 4 9 1 5
63 2 4 9 1 7
64 3 4 7 9 1 7
65 2 4 9 1 12
66 2 4 9 1 12
67 1 4 1 15
68 1 4 1 15
69 1 4 1 15
70 1 4 1 15
71 1 4 1 15
72 1 4 1 16
73 1 4 1 16
74 1 4 1 16
75 1 4 1 16
76 1 4 1 16
77 2 4 9 1 13
78 2 4 9 1 13
79 1 4 1 17
80 1 4 1 17
81 1 4 1 17
82 1 4 1 17
83 1 4 1 17
84 2 5 10 1 5
85 2 5 10 1 5
86 2 5 10 1 5
87 2 5 10 1 7
88 3 5 7 10 1 7
89 2 5 10 1 12
90 2 5 10 1 12
91 1 5 1 15
92 1 5 1 15
93 1 5 1 15
94 1 5 1 15
95 1 5 1 15
96 1 5 1 16
97 1 5 1 16
98 1 5 1 16
99 1 5 1 16
100 1 5 1 16
101 2 5 10 1 13
102 2 5 10 1 13
103 1 5 1 17
104 1 5 1 17
105 1 5 1 17
106 1 5 1 17
107 1 5 1 17
108 2 6 11 1 5
109 2 6 11 1 5
110 2 6 11 1 5
111 2 6 11 1 7
112 3 6 7 11 1 7
113 2 6 11 1 12
114 2 6 11 1 12
115 1 6 1 15
116 1 6 1 15
117 1 6 1 15
118 1 6 1 15
119 1 6 1 15
120 1 6 1 16
121 1 6 1 16
122 1 6 1 16
123 1 6 1 16
124 1 6 1 16
125 2 6 11 1 13
126 2 6 11 1 13
127 1 6 1 17
128 1 6 1 17
129 1 6 1 17
130 1 6 1 17
131 1 6 1 17
